Case #1: 0
Case #2: 2
3 1
3 2
Case #3: 3
3 1
4 2
4 3
Case #4: -1
Case #5: -1
Case #6: -1
Case #7: -1
Case #8: 89
5 39
5 81
71 38
14 12
31 93
19 75
33 51
1 71
52 1
52 34
64 5
8 14
8 58
8 79
96 19
96 40
50 68
50 87
53 11
53 64
37 17
37 94
77 47
77 52
72 13
72 45
63 36
16 32
16 53
16 54
16 59
16 100
20 10
20 62
6 18
6 85
57 49
91 16
26 27
26 77
26 91
70 84
70 99
25 8
25 22
25 41
25 97
2 33
69 86
76 61
76 88
76 95
98 26
98 57
3 25
3 29
3 48
80 37
43 2
43 30
56 66
28 43
28 73
24 4
24 6
24 46
24 72
24 80
35 7
35 15
35 65
9 24
9 28
9 35
9 42
9 44
9 60
9 63
9 69
9 74
9 89
9 90
9 92
9 96
78 20
78 31
78 55
78 76
78 82
Case #9: -1
(this is validation output.. problem output was so long that wasn't able to c/p)